version https://git-lfs.github.com/spec/v1
oid sha256:72e9c5a0380c155884e7e5f47e40305a6b5a4967de4c8d9aad8d45c7471afcc6
size 210429
