version https://git-lfs.github.com/spec/v1
oid sha256:70cf1a65276f90f51735aa972c63f3b3ac890915c1249b10e9b9566a3725d012
size 13156
