version https://git-lfs.github.com/spec/v1
oid sha256:f5d6ed1c48cf93db951acb999b14a6386c260d30083d289c7d98b23ff68b6810
size 5418
