version https://git-lfs.github.com/spec/v1
oid sha256:e57c98e1672a4925a059fe942da3429b900d1142803401b576554fb19a6b3d26
size 235869
