version https://git-lfs.github.com/spec/v1
oid sha256:804d5f186509a020639775e9c7963765c4b83b6b8f3d0099fd890625d41c0ffa
size 450591
